Water
0 0 0 4,-50 -50 10 2,50 -50 10 2
0 1,0 2
Hydrogen Peroxide
-35 0 0 4,35 0 0 4,-34 -50 -30 2,34 -50 30 2
0 1,0 2,1 3
Methane
0 0 0 1,0 -50 0 2,-37 25 -21 2,37 25 -21 2,0 25 43 2
0 1,0 2,0 3,0 4
Ammonia
0 0 0 3,-37 25 -21 2,37 25 -21 2,0 25 43 2
0 1,0 2,0 3
Carbon Dioxide
0 0 0 1,-50 0 0 4,50 0 0 4
0 1,0 2
Ethanol
0 0 0 1,43 -25 0 4,-43 -25 0 1,0 36 21 2,0 36 -21 2,50 -50 -35 2,-70 -50 -25 2,-70 -50 25 2,-70 0 0 2
0 1,0 2,0 3,0 4,1 5,2 6,2 7,2 8
Glucose
0 25 -100 1,86 -25 -50 4,86 25 50 1,0 -25 100 1,-86 25 50 1,-86 -25 -50 1,0 75 -99 2,85 75 49 2,-85 75 49 2,0 -75 99 2,-85 -75 -49 2,130 -25 100 1,150 -75 120 4,150 25 90 2,110 25 150 2,160 -110 150 2,0 -25 -136 4,-25 -5 -150 2,0 25 136 4,25 5 150 2,-130 -25 100 4,-150 -5 110 2,-130 25 -100 4,-150 5 -110 2
0 1,1 2,2 3,3 4,4 5,5 0,0 6,2 7,4 8,3 9,5 10,2 11,11 12,11 13,11 14,12 15,0 16,16 17,3 18,18 19,4 20,20 21,5 22,22 23
Benzene
0 0 -100 1,86 0 -50 1,86 0 50 1,0 0 100 1,-86 0 50 1,-86 0 -50 1,0 0 -135 2,117 0 -67 2,117 0 67 2,0 0 135 2,-117 0 67 2,-117 0 -67 2
0 1,1 2,2 3,3 4,4 5,5 0,0 6,1 7,2 8,3 9,4 10,5 11

